{
 "cells": [
  {
   "cell_type": "markdown",
   "id": "9940c1f7",
   "metadata": {},
   "source": [
    "# Project : Machine Learning Based Predictive Maintenance"
   ]
  },
  {
   "cell_type": "raw",
   "id": "62f53d70",
   "metadata": {},
   "source": [
    "Author: Arnaud Duigou\n",
    "Date: January-2023\n",
    "Goal: \n",
    "- Train a ML model to redict the risk of failure of a machine (i.e. Aircraft turbine) based on sensor values monitoring.\n",
    "- Trigger-off preventive maintenance activities for cause"
   ]
  },
  {
   "cell_type": "markdown",
   "id": "fc75545b",
   "metadata": {},
   "source": [
    "# Part 2: Modeling"
   ]
  },
  {
   "cell_type": "markdown",
   "id": "f00ef074",
   "metadata": {},
   "source": [
    "- In this notebook, I want to illustrate how to train a Random Forest model with the \"Aircraft Predictive Maintenance\" dataset using the Snowpark ML Model API. \n",
    "- The goal is also to deploy the model in the Snowflake framework via Model Registry or as a UDF, in order to perform future inference."
   ]
  },
  {
   "cell_type": "markdown",
   "id": "10958ed1",
   "metadata": {},
   "source": [
    "# 1. Load packages and dependencies"
   ]
  },
  {
   "cell_type": "code",
   "execution_count": 136,
   "id": "f70fe315",
   "metadata": {},
   "outputs": [],
   "source": [
    "# data science libs\n",
    "import pandas as pd\n",
    "import numpy as np\n",
    "import matplotlib.pyplot as plt\n",
    "import seaborn as sns\n",
    "import warnings\n",
    "from snowflake.ml.modeling.metrics import mean_absolute_percentage_error\n",
    "\n",
    "# misc\n",
    "import json\n",
    "import joblib\n",
    "import cachetools\n",
    "\n",
    "# Snowpark for Python\n",
    "from snowflake.snowpark import Session\n",
    "from snowflake.snowpark.version import VERSION\n",
    "from snowflake.snowpark.functions import udf\n",
    "import snowflake.snowpark.functions as F\n",
    "# Snowpark ML\n",
    "import snowflake.ml.modeling.preprocessing as snowml\n",
    "from snowflake.ml.modeling.pipeline import Pipeline\n",
    "from snowflake.ml.modeling.metrics.correlation import correlation\n",
    "\n",
    "# Snowpark ML\n",
    "from snowflake.ml.modeling.xgboost import XGBRegressor\n",
    "from snowflake.ml.modeling.model_selection import GridSearchCV\n",
    "from snowflake.ml.registry import model_registry\n",
    "from snowflake.ml._internal.utils import identifier\n",
    "\n",
    "# Scikit-learn functions\n",
    "from sklearn import linear_model\n",
    "from sklearn.ensemble import RandomForestRegressor\n",
    "from sklearn import model_selection #import cross_val_score, StratifiedKFold\n",
    "from sklearn.tree import DecisionTreeRegressor, DecisionTreeClassifier, export_graphviz\n",
    "from sklearn import metrics  # mean_squared_error, mean_absolute_error, median_absolute_error, explained_variance_score, r2_score\n",
    "from sklearn.feature_selection import SelectFromModel, RFECV\n",
    "from sklearn.preprocessing import StandardScaler\n",
    "from sklearn.preprocessing import LabelBinarizer\n",
    "from itertools import cycle\n",
    "from sklearn.model_selection import ShuffleSplit\n",
    "from sklearn.ensemble import RandomForestClassifier\n",
    "\n",
    "from sklearn import model_selection\n",
    "from sklearn.multiclass import OneVsRestClassifier\n",
    "from sklearn.linear_model import LogisticRegression\n",
    "from sklearn.ensemble import RandomForestClassifier\n",
    "from sklearn.svm import SVC, LinearSVC\n",
    "from sklearn.tree import DecisionTreeClassifier, export_graphviz\n",
    "from sklearn.neighbors import KNeighborsClassifier\n",
    "from sklearn.naive_bayes import GaussianNB\n",
    "from sklearn.neural_network import MLPClassifier\n",
    "from sklearn.multiclass import OneVsRestClassifier"
   ]
  },
  {
   "cell_type": "code",
   "execution_count": 137,
   "id": "b2fec610",
   "metadata": {},
   "outputs": [],
   "source": [
    "# Jupyter Notebook Options\n",
    "plt.style.use('ggplot')\n",
    "pd.set_option('display.max_columns', None) \n",
    "pd.set_option('display.max_rows', 500) \n",
    "pd.set_option('display.expand_frame_repr', False)\n",
    "%matplotlib inline\n",
    "warnings.filterwarnings('ignore')"
   ]
  },
  {
   "cell_type": "markdown",
   "id": "f2281ba4",
   "metadata": {},
   "source": [
    "# 2. Establish the secure connection to Snowflake"
   ]
  },
  {
   "cell_type": "code",
   "execution_count": 138,
   "id": "9cbc2d6d",
   "metadata": {},
   "outputs": [
    {
     "name": "stdout",
     "output_type": "stream",
     "text": [
      "\n",
      "Connection Established with the following parameters:\n",
      "User                        : ADDATABOOST\n",
      "Role                        : \"ACCOUNTADMIN\"\n",
      "Database                    : \"PREV_MAINT_DB\"\n",
      "Schema                      : \"PREV_MAINT_SCHEMA\"\n",
      "Warehouse                   : \"PREV_MAINT_WH\"\n",
      "Snowflake version           : 8.10.1\n",
      "Snowpark for Python version : 1.10.0\n"
     ]
    }
   ],
   "source": [
    "# Make a Snowpark Connection by editing the connection.json before creating the session object below\n",
    "# You need to replace my credential \"AD_XXXXXXXXXXX\" by yours and load \"TRAIN_TABLE\" and \"TEST_TABLE\" to run this notebook. \n",
    "# Create Snowflake Session object\n",
    "connection_parameters = json.load(open('connection.json'))\n",
    "session = Session.builder.configs(connection_parameters).create()\n",
    "session.sql_simplifier_enabled = True\n",
    "\n",
    "snowflake_environment = session.sql('SELECT current_user(), current_version()').collect()\n",
    "snowpark_version = VERSION\n",
    "\n",
    "# Current Environment Details\n",
    "print('\\nConnection Established with the following parameters:')\n",
    "print('User                        : {}'.format(snowflake_environment[0][0]))\n",
    "print('Role                        : {}'.format(session.get_current_role()))\n",
    "print('Database                    : {}'.format(session.get_current_database()))\n",
    "print('Schema                      : {}'.format(session.get_current_schema()))\n",
    "print('Warehouse                   : {}'.format(session.get_current_warehouse()))\n",
    "print('Snowflake version           : {}'.format(snowflake_environment[0][1]))\n",
    "print('Snowpark for Python version : {}.{}.{}'.format(snowpark_version[0],snowpark_version[1],snowpark_version[2]))"
   ]
  },
  {
   "cell_type": "markdown",
   "id": "68161a7a",
   "metadata": {},
   "source": [
    "# 3. Load the data & preprocessing pipeline"
   ]
  },
  {
   "cell_type": "markdown",
   "id": "efbe73ef",
   "metadata": {},
   "source": [
    "## 3.1. Data Loading"
   ]
  },
  {
   "cell_type": "code",
   "execution_count": 139,
   "id": "33851d0f",
   "metadata": {},
   "outputs": [],
   "source": [
    "# Load in the train data\n",
    "# PM_TRAIN_TABLE = 'TRAIN_TABLE' \n",
    "# input_tbl = f\"{session.get_current_database()}.{session.get_current_schema()}.{PM_TRAIN_TABLE}\"\n",
    "# df_train = session.table(input_tbl)"
   ]
  },
  {
   "cell_type": "code",
   "execution_count": 140,
   "id": "94677151",
   "metadata": {},
   "outputs": [],
   "source": [
    "# Load in the train data\n",
    "# PM_TEST_TABLE = 'TEST_TABLE' \n",
    "# input_tbl = f\"{session.get_current_database()}.{session.get_current_schema()}.{PM_TEST_TABLE}\"\n",
    "# df_test = session.table(input_tbl)"
   ]
  },
  {
   "cell_type": "code",
   "execution_count": 141,
   "id": "2700c261",
   "metadata": {},
   "outputs": [],
   "source": [
    "# features = [\"SETTING1\", \"SETTING2\", \"SETTING3\", \"S1\", \"S2\", \"S3\", \"S4\", \"S5\", \"S6\", \"S7\", \"S8\", \"S9\", \"S10\", \"S11\", \"S12\", \n",
    "#             \"S13\", \"S14\", \"S15\", \"S16\", \"S17\", \"S18\", \"S19\", \"S20\", \"S21\"]"
   ]
  },
  {
   "cell_type": "code",
   "execution_count": 142,
   "id": "d3374828",
   "metadata": {},
   "outputs": [],
   "source": [
    "# FEATURES = [\"SETTING1\", \"SETTING2\", \"SETTING3\", \"S1\", \"S2\", \"S3\", \"S4\", \"S5\", \"S6\", \"S7\", \"S8\", \"S9\", \"S10\", \"S11\", \"S12\", \n",
    "#             \"S13\", \"S14\", \"S15\", \"S16\", \"S17\", \"S18\", \"S19\", \"S20\", \"S21\", \"AV1\", \"AV2\", \"AV3\", \"AV4\", \"AV5\", \"AV6\", \"AV7\", \n",
    "#             \"AV8\", \"AV9\", \"AV10\", \"AV11\", \"AV12\", \"AV13\", \"AV14\", \"AV15\", \"AV16\", \"AV17\", \"AV18\", \"AV19\", \"AV20\", \"AV21\", \n",
    "#             \"SD1\", \"SD2\", \"SD3\", \"SD4\", \"SD5\", \"SD6\", \"SD7\", \"SD8\", \"SD9\", \"SD10\", \"SD11\", \"SD12\", \"SD13\", \"SD14\", \"SD15\", \n",
    "#             \"SD16\", \"SD17\", \"SD18\", \"SD19\", \"SD20\", \"SD21\"]"
   ]
  },
  {
   "cell_type": "markdown",
   "id": "01298902",
   "metadata": {},
   "source": [
    "## 3.2. Features transformation"
   ]
  },
  {
   "cell_type": "code",
   "execution_count": 143,
   "id": "3a7c60d1",
   "metadata": {},
   "outputs": [],
   "source": [
    "df_train = pd.read_csv('train.csv')\n",
    "df_test = pd.read_csv('test.csv')"
   ]
  },
  {
   "cell_type": "code",
   "execution_count": 144,
   "id": "69084396",
   "metadata": {},
   "outputs": [],
   "source": [
    "features = [\"setting1\", \"setting2\", \"setting3\", \"s1\", \"s2\", \"s3\", \"s4\", \"s5\", \"s6\", \"s7\", \"s8\", \"s9\", \"s10\", \"s11\", \"s12\", \n",
    "            \"s13\", \"s14\", \"s15\", \"s16\", \"s17\", \"s18\", \"s19\", \"s20\", \"s21\"]"
   ]
  },
  {
   "cell_type": "code",
   "execution_count": 145,
   "id": "5ae11f72",
   "metadata": {},
   "outputs": [],
   "source": [
    "# Normalize the CARAT column\n",
    "# snowml_mms = snowml.StandardScaler(input_cols=features, output_cols=features)\n",
    "# df_train = snowml_mms.fit(df_train).transform(df_train)"
   ]
  },
  {
   "cell_type": "code",
   "execution_count": 146,
   "id": "cbe4ea30",
   "metadata": {},
   "outputs": [],
   "source": [
    "Target = 'label_mcc'\n",
    "# X/y Split\n",
    "X_train = df_train[features]\n",
    "X_test = df_test[features]\n",
    "y_train = df_train[Target]\n",
    "y_test = df_test[Target]"
   ]
  },
  {
   "cell_type": "code",
   "execution_count": 147,
   "id": "ece00eab",
   "metadata": {},
   "outputs": [],
   "source": [
    "# df_train = df_train[features]\n",
    "# df_test = df_test[features]"
   ]
  },
  {
   "cell_type": "code",
   "execution_count": 148,
   "id": "040fb5af",
   "metadata": {},
   "outputs": [],
   "source": [
    "# Standardscaler instanciation \n",
    "scaler = StandardScaler()\n",
    "# Standardization of data\n",
    "X_train = scaler.fit_transform(X_train)\n",
    "X_test = scaler.transform(X_test)"
   ]
  },
  {
   "cell_type": "code",
   "execution_count": 149,
   "id": "511f4ae9",
   "metadata": {},
   "outputs": [],
   "source": [
    "# Labeling of the target\n",
    "# lb = LabelBinarizer()\n",
    "# y_train = lb.fit_transform(y_train)\n",
    "# y_test = lb.transform(y_test)\n",
    "# snowml_le = snowml.LabelEncoder(input_cols=Target, output_cols=Target)\n",
    "# y_train = snowml_le.fit(y_train).transform(y_train)\n",
    "# y_test = snowml_le.fit(y_test).transform(y_test)"
   ]
  },
  {
   "cell_type": "code",
   "execution_count": 150,
   "id": "30d93757",
   "metadata": {},
   "outputs": [],
   "source": [
    "# Stratifier for GridSearchCV optimization\n",
    "ss = ShuffleSplit(n_splits=5, test_size=0.25, random_state=21)"
   ]
  },
  {
   "cell_type": "code",
   "execution_count": 151,
   "id": "b695cc24",
   "metadata": {},
   "outputs": [],
   "source": [
    "# Build the pipeline\n",
    "# preprocessing_pipeline = Pipeline(\n",
    "#     steps=[\n",
    "#             (\n",
    "#                 \"OE\",\n",
    "#                 snowml.OrdinalEncoder(\n",
    "#                     input_cols=CATEGORICAL_COLUMNS,\n",
    "#                     output_cols=CATEGORICAL_COLUMNS_OE,\n",
    "#                     categories=categories,\n",
    "#                 )\n",
    "#             ),\n",
    "#             (\n",
    "#                 \"MMS\",\n",
    "#                 snowml.StandardScaler(\n",
    "#                     input_cols=features,\n",
    "#                     output_cols=features,\n",
    "#                 )\n",
    "#             )\n",
    "#     ]\n",
    "# )\n",
    "\n",
    "# PIPELINE_FILE = 'preprocessing_pipeline.joblib'\n",
    "# joblib.dump(preprocessing_pipeline, PIPELINE_FILE) # We are just pickling it locally first\n",
    "\n",
    "# X_train = preprocessing_pipeline.fit(X_train).transform(X_train)\n",
    "# X_test = preprocessing_pipeline.fit(X_test).transform(X_test)\n",
    "# X_train.show()"
   ]
  },
  {
   "cell_type": "markdown",
   "id": "86e8c0a1",
   "metadata": {},
   "source": [
    "# 3. Modeling"
   ]
  },
  {
   "cell_type": "markdown",
   "id": "08c07286",
   "metadata": {},
   "source": [
    "## 3.1 Random Forest"
   ]
  },
  {
   "cell_type": "code",
   "execution_count": 152,
   "id": "0c7bd5e8",
   "metadata": {},
   "outputs": [],
   "source": [
    "model_name = 'Random Forest'\n",
    "clf = RandomForestClassifier(n_estimators=50, random_state=123)\n",
    "params = {'max_depth': [ 4, 5, 6, 7, 8], 'criterion': ['gini', 'entropy']}\n",
    "score = 'roc_auc'"
   ]
  },
  {
   "cell_type": "code",
   "execution_count": 153,
   "id": "d6b8027d",
   "metadata": {},
   "outputs": [],
   "source": [
    "grid_search = model_selection.GridSearchCV(estimator=clf, param_grid=params, cv=ss, scoring=score, n_jobs=-1)"
   ]
  },
  {
   "cell_type": "code",
   "execution_count": 154,
   "id": "fdd82ffb",
   "metadata": {},
   "outputs": [],
   "source": [
    "# Define the XGBRegressor\n",
    "# regressor = XGBRegressor(\n",
    "#     input_cols=features,\n",
    "#     output_cols='PREDICTED_PRICE'\n",
    "# )\n",
    "\n",
    "# # Train\n",
    "# regressor.fit(X_train)\n",
    "\n",
    "# # Predict\n",
    "# result = regressor.predict(X_test)"
   ]
  },
  {
   "cell_type": "code",
   "execution_count": 155,
   "id": "c88d8b72",
   "metadata": {},
   "outputs": [
    {
     "data": {
      "text/html": [
       "<style>#sk-container-id-10 {color: black;background-color: white;}#sk-container-id-10 pre{padding: 0;}#sk-container-id-10 div.sk-toggleable {background-color: white;}#sk-container-id-10 label.sk-toggleable__label {cursor: pointer;display: block;width: 100%;margin-bottom: 0;padding: 0.3em;box-sizing: border-box;text-align: center;}#sk-container-id-10 label.sk-toggleable__label-arrow:before {content: \"▸\";float: left;margin-right: 0.25em;color: #696969;}#sk-container-id-10 label.sk-toggleable__label-arrow:hover:before {color: black;}#sk-container-id-10 div.sk-estimator:hover label.sk-toggleable__label-arrow:before {color: black;}#sk-container-id-10 div.sk-toggleable__content {max-height: 0;max-width: 0;overflow: hidden;text-align: left;background-color: #f0f8ff;}#sk-container-id-10 div.sk-toggleable__content pre {margin: 0.2em;color: black;border-radius: 0.25em;background-color: #f0f8ff;}#sk-container-id-10 input.sk-toggleable__control:checked~div.sk-toggleable__content {max-height: 200px;max-width: 100%;overflow: auto;}#sk-container-id-10 input.sk-toggleable__control:checked~label.sk-toggleable__label-arrow:before {content: \"▾\";}#sk-container-id-10 div.sk-estimator input.sk-toggleable__control:checked~label.sk-toggleable__label {background-color: #d4ebff;}#sk-container-id-10 div.sk-label input.sk-toggleable__control:checked~label.sk-toggleable__label {background-color: #d4ebff;}#sk-container-id-10 input.sk-hidden--visually {border: 0;clip: rect(1px 1px 1px 1px);clip: rect(1px, 1px, 1px, 1px);height: 1px;margin: -1px;overflow: hidden;padding: 0;position: absolute;width: 1px;}#sk-container-id-10 div.sk-estimator {font-family: monospace;background-color: #f0f8ff;border: 1px dotted black;border-radius: 0.25em;box-sizing: border-box;margin-bottom: 0.5em;}#sk-container-id-10 div.sk-estimator:hover {background-color: #d4ebff;}#sk-container-id-10 div.sk-parallel-item::after {content: \"\";width: 100%;border-bottom: 1px solid gray;flex-grow: 1;}#sk-container-id-10 div.sk-label:hover label.sk-toggleable__label {background-color: #d4ebff;}#sk-container-id-10 div.sk-serial::before {content: \"\";position: absolute;border-left: 1px solid gray;box-sizing: border-box;top: 0;bottom: 0;left: 50%;z-index: 0;}#sk-container-id-10 div.sk-serial {display: flex;flex-direction: column;align-items: center;background-color: white;padding-right: 0.2em;padding-left: 0.2em;position: relative;}#sk-container-id-10 div.sk-item {position: relative;z-index: 1;}#sk-container-id-10 div.sk-parallel {display: flex;align-items: stretch;justify-content: center;background-color: white;position: relative;}#sk-container-id-10 div.sk-item::before, #sk-container-id-10 div.sk-parallel-item::before {content: \"\";position: absolute;border-left: 1px solid gray;box-sizing: border-box;top: 0;bottom: 0;left: 50%;z-index: -1;}#sk-container-id-10 div.sk-parallel-item {display: flex;flex-direction: column;z-index: 1;position: relative;background-color: white;}#sk-container-id-10 div.sk-parallel-item:first-child::after {align-self: flex-end;width: 50%;}#sk-container-id-10 div.sk-parallel-item:last-child::after {align-self: flex-start;width: 50%;}#sk-container-id-10 div.sk-parallel-item:only-child::after {width: 0;}#sk-container-id-10 div.sk-dashed-wrapped {border: 1px dashed gray;margin: 0 0.4em 0.5em 0.4em;box-sizing: border-box;padding-bottom: 0.4em;background-color: white;}#sk-container-id-10 div.sk-label label {font-family: monospace;font-weight: bold;display: inline-block;line-height: 1.2em;}#sk-container-id-10 div.sk-label-container {text-align: center;}#sk-container-id-10 div.sk-container {/* jupyter's `normalize.less` sets `[hidden] { display: none; }` but bootstrap.min.css set `[hidden] { display: none !important; }` so we also need the `!important` here to be able to override the default hidden behavior on the sphinx rendered scikit-learn.org. See: https://github.com/scikit-learn/scikit-learn/issues/21755 */display: inline-block !important;position: relative;}#sk-container-id-10 div.sk-text-repr-fallback {display: none;}</style><div id=\"sk-container-id-10\" class=\"sk-top-container\"><div class=\"sk-text-repr-fallback\"><pre>GridSearchCV(cv=ShuffleSplit(n_splits=5, random_state=21, test_size=0.25, train_size=None),\n",
       "             estimator=RandomForestClassifier(n_estimators=50,\n",
       "                                              random_state=123),\n",
       "             n_jobs=-1,\n",
       "             param_grid={&#x27;criterion&#x27;: [&#x27;gini&#x27;, &#x27;entropy&#x27;],\n",
       "                         &#x27;max_depth&#x27;: [4, 5, 6, 7, 8]},\n",
       "             scoring=&#x27;roc_auc&#x27;)</pre><b>In a Jupyter environment, please rerun this cell to show the HTML representation or trust the notebook. <br />On GitHub, the HTML representation is unable to render, please try loading this page with nbviewer.org.</b></div><div class=\"sk-container\" hidden><div class=\"sk-item sk-dashed-wrapped\"><div class=\"sk-label-container\"><div class=\"sk-label sk-toggleable\"><input class=\"sk-toggleable__control sk-hidden--visually\" id=\"sk-estimator-id-18\" type=\"checkbox\" ><label for=\"sk-estimator-id-18\" class=\"sk-toggleable__label sk-toggleable__label-arrow\">GridSearchCV</label><div class=\"sk-toggleable__content\"><pre>GridSearchCV(cv=ShuffleSplit(n_splits=5, random_state=21, test_size=0.25, train_size=None),\n",
       "             estimator=RandomForestClassifier(n_estimators=50,\n",
       "                                              random_state=123),\n",
       "             n_jobs=-1,\n",
       "             param_grid={&#x27;criterion&#x27;: [&#x27;gini&#x27;, &#x27;entropy&#x27;],\n",
       "                         &#x27;max_depth&#x27;: [4, 5, 6, 7, 8]},\n",
       "             scoring=&#x27;roc_auc&#x27;)</pre></div></div></div><div class=\"sk-parallel\"><div class=\"sk-parallel-item\"><div class=\"sk-item\"><div class=\"sk-label-container\"><div class=\"sk-label sk-toggleable\"><input class=\"sk-toggleable__control sk-hidden--visually\" id=\"sk-estimator-id-19\" type=\"checkbox\" ><label for=\"sk-estimator-id-19\" class=\"sk-toggleable__label sk-toggleable__label-arrow\">estimator: RandomForestClassifier</label><div class=\"sk-toggleable__content\"><pre>RandomForestClassifier(n_estimators=50, random_state=123)</pre></div></div></div><div class=\"sk-serial\"><div class=\"sk-item\"><div class=\"sk-estimator sk-toggleable\"><input class=\"sk-toggleable__control sk-hidden--visually\" id=\"sk-estimator-id-20\" type=\"checkbox\" ><label for=\"sk-estimator-id-20\" class=\"sk-toggleable__label sk-toggleable__label-arrow\">RandomForestClassifier</label><div class=\"sk-toggleable__content\"><pre>RandomForestClassifier(n_estimators=50, random_state=123)</pre></div></div></div></div></div></div></div></div></div></div>"
      ],
      "text/plain": [
       "GridSearchCV(cv=ShuffleSplit(n_splits=5, random_state=21, test_size=0.25, train_size=None),\n",
       "             estimator=RandomForestClassifier(n_estimators=50,\n",
       "                                              random_state=123),\n",
       "             n_jobs=-1,\n",
       "             param_grid={'criterion': ['gini', 'entropy'],\n",
       "                         'max_depth': [4, 5, 6, 7, 8]},\n",
       "             scoring='roc_auc')"
      ]
     },
     "execution_count": 155,
     "metadata": {},
     "output_type": "execute_result"
    }
   ],
   "source": [
    "grid_search.fit(X_train, y_train)"
   ]
  },
  {
   "cell_type": "code",
   "execution_count": 156,
   "id": "08e5bbb9",
   "metadata": {},
   "outputs": [
    {
     "data": {
      "text/plain": [
       "array([0, 0, 0, 0, 0, 0, 0, 0, 0, 0, 0, 0, 0, 0, 0, 0, 0, 0, 0, 0, 0, 0,\n",
       "       0, 0, 0, 0, 0, 0, 0, 0, 2, 0, 0, 2, 2, 1, 0, 0, 0, 0, 0, 2, 0, 0,\n",
       "       0, 0, 0, 0, 2, 0, 0, 0, 0, 0, 0, 2, 0, 0, 0, 0, 0, 0, 0, 0, 0, 2,\n",
       "       0, 2, 0, 0, 0, 0, 0, 0, 0, 2, 0, 0, 0, 0, 2, 2, 0, 0, 0, 0, 0, 0,\n",
       "       0, 0, 0, 1, 0, 0, 0, 0, 0, 0, 0, 1], dtype=int64)"
      ]
     },
     "execution_count": 156,
     "metadata": {},
     "output_type": "execute_result"
    }
   ],
   "source": [
    "y_pred = grid_search.predict(X_test)\n",
    "y_pred"
   ]
  },
  {
   "cell_type": "code",
   "execution_count": 157,
   "id": "2a394350",
   "metadata": {},
   "outputs": [],
   "source": [
    "# y_score[0][1]"
   ]
  },
  {
   "cell_type": "code",
   "execution_count": 158,
   "id": "e465e4ea",
   "metadata": {},
   "outputs": [
    {
     "data": {
      "text/plain": [
       "array([[9.92969963e-01, 6.86211169e-03, 1.67924931e-04],\n",
       "       [9.92969963e-01, 6.86211169e-03, 1.67924931e-04],\n",
       "       [7.73885385e-01, 1.86915360e-01, 3.91992554e-02],\n",
       "       [9.25696229e-01, 6.56210466e-02, 8.68272391e-03],\n",
       "       [9.30666410e-01, 6.23038818e-02, 7.02970813e-03],\n",
       "       [9.91875925e-01, 7.85272582e-03, 2.71349295e-04],\n",
       "       [9.92969963e-01, 6.86211169e-03, 1.67924931e-04],\n",
       "       [8.85848842e-01, 1.01949530e-01, 1.22016279e-02],\n",
       "       [9.88522452e-01, 1.11108430e-02, 3.66705303e-04],\n",
       "       [9.91680187e-01, 8.03874650e-03, 2.81066794e-04],\n",
       "       [9.37723878e-01, 5.64379538e-02, 5.83816820e-03],\n",
       "       [9.89743707e-01, 9.61760998e-03, 6.38682839e-04],\n",
       "       [9.91545257e-01, 8.24383485e-03, 2.10907918e-04],\n",
       "       [9.52566456e-01, 4.44342612e-02, 2.99928272e-03],\n",
       "       [9.92969963e-01, 6.86211169e-03, 1.67924931e-04],\n",
       "       [9.91680187e-01, 8.03874650e-03, 2.81066794e-04],\n",
       "       [9.80120960e-01, 1.88037317e-02, 1.07530786e-03],\n",
       "       [8.87666530e-01, 9.65184977e-02, 1.58149722e-02],\n",
       "       [9.75395518e-01, 2.31614915e-02, 1.44299023e-03],\n",
       "       [3.61377406e-01, 3.25995763e-01, 3.12626831e-01],\n",
       "       [9.89678626e-01, 1.00557041e-02, 2.65669749e-04],\n",
       "       [9.92969963e-01, 6.86211169e-03, 1.67924931e-04],\n",
       "       [9.92969963e-01, 6.86211169e-03, 1.67924931e-04],\n",
       "       [4.84094171e-01, 4.36111677e-01, 7.97941515e-02],\n",
       "       [9.92969963e-01, 6.86211169e-03, 1.67924931e-04],\n",
       "       [9.92969963e-01, 6.86211169e-03, 1.67924931e-04],\n",
       "       [9.88443961e-01, 1.11000930e-02, 4.55945584e-04],\n",
       "       [9.92969963e-01, 6.86211169e-03, 1.67924931e-04],\n",
       "       [9.90090217e-01, 9.61145770e-03, 2.98324913e-04],\n",
       "       [9.69474163e-01, 2.85073602e-02, 2.01847723e-03],\n",
       "       [2.68760724e-01, 3.45796860e-01, 3.85442416e-01],\n",
       "       [9.61864685e-01, 3.49739477e-02, 3.16136729e-03],\n",
       "       [9.80482737e-01, 1.82462034e-02, 1.27105992e-03],\n",
       "       [6.19524083e-02, 1.86563760e-01, 7.51483831e-01],\n",
       "       [6.96036463e-02, 2.24083180e-01, 7.06313174e-01],\n",
       "       [3.28935680e-01, 3.54558811e-01, 3.16505509e-01],\n",
       "       [8.68136529e-01, 1.11296502e-01, 2.05669692e-02],\n",
       "       [8.38554525e-01, 1.32611355e-01, 2.88341196e-02],\n",
       "       [9.92969963e-01, 6.86211169e-03, 1.67924931e-04],\n",
       "       [5.12766382e-01, 3.43069239e-01, 1.44164379e-01],\n",
       "       [8.72260562e-01, 1.11750426e-01, 1.59890125e-02],\n",
       "       [2.76965584e-01, 3.49927310e-01, 3.73107106e-01],\n",
       "       [8.47432835e-01, 1.26276831e-01, 2.62903336e-02],\n",
       "       [9.89920311e-01, 9.81461491e-03, 2.65073812e-04],\n",
       "       [9.26870322e-01, 6.66712240e-02, 6.45845423e-03],\n",
       "       [9.49537510e-01, 4.60822011e-02, 4.38028869e-03],\n",
       "       [9.92023718e-01, 7.80835672e-03, 1.67924931e-04],\n",
       "       [9.92969963e-01, 6.86211169e-03, 1.67924931e-04],\n",
       "       [8.91559254e-02, 2.70202186e-01, 6.40641889e-01],\n",
       "       [9.91752265e-01, 8.02250568e-03, 2.25229824e-04],\n",
       "       [9.92969963e-01, 6.86211169e-03, 1.67924931e-04],\n",
       "       [5.28829342e-01, 3.96434956e-01, 7.47357022e-02],\n",
       "       [7.84314762e-01, 1.73815886e-01, 4.18693521e-02],\n",
       "       [9.92969963e-01, 6.86211169e-03, 1.67924931e-04],\n",
       "       [9.92969963e-01, 6.86211169e-03, 1.67924931e-04],\n",
       "       [1.75209171e-01, 3.05191175e-01, 5.19599654e-01],\n",
       "       [9.58014003e-01, 3.72433538e-02, 4.74264353e-03],\n",
       "       [7.54547231e-01, 1.83644436e-01, 6.18083333e-02],\n",
       "       [9.92969963e-01, 6.86211169e-03, 1.67924931e-04],\n",
       "       [9.92969963e-01, 6.86211169e-03, 1.67924931e-04],\n",
       "       [7.68049976e-01, 1.76828511e-01, 5.51215125e-02],\n",
       "       [9.89914080e-01, 9.75411445e-03, 3.31805778e-04],\n",
       "       [9.49569302e-01, 4.48190353e-02, 5.61166271e-03],\n",
       "       [7.52426980e-01, 1.82984885e-01, 6.45881348e-02],\n",
       "       [9.93533001e-01, 6.32959526e-03, 1.37403264e-04],\n",
       "       [1.91306937e-01, 3.71096641e-01, 4.37596421e-01],\n",
       "       [9.92969963e-01, 6.86211169e-03, 1.67924931e-04],\n",
       "       [1.77522001e-01, 3.11536669e-01, 5.10941330e-01],\n",
       "       [9.90090217e-01, 9.61145770e-03, 2.98324913e-04],\n",
       "       [9.91986815e-01, 7.79917697e-03, 2.14007881e-04],\n",
       "       [9.92969963e-01, 6.86211169e-03, 1.67924931e-04],\n",
       "       [9.92969963e-01, 6.86211169e-03, 1.67924931e-04],\n",
       "       [9.92969963e-01, 6.86211169e-03, 1.67924931e-04],\n",
       "       [9.58524433e-01, 3.69758561e-02, 4.49971096e-03],\n",
       "       [9.92969963e-01, 6.86211169e-03, 1.67924931e-04],\n",
       "       [1.38653829e-01, 3.06763901e-01, 5.54582270e-01],\n",
       "       [6.35960897e-01, 2.75017873e-01, 8.90212299e-02],\n",
       "       [9.92969963e-01, 6.86211169e-03, 1.67924931e-04],\n",
       "       [9.92969963e-01, 6.86211169e-03, 1.67924931e-04],\n",
       "       [9.86152355e-01, 1.33240224e-02, 5.23622813e-04],\n",
       "       [2.63971635e-02, 1.54835249e-01, 8.18767587e-01],\n",
       "       [7.33339766e-02, 2.20186507e-01, 7.06479516e-01],\n",
       "       [9.92969963e-01, 6.86211169e-03, 1.67924931e-04],\n",
       "       [8.21991307e-01, 1.41187110e-01, 3.68215837e-02],\n",
       "       [9.89381234e-01, 1.02999632e-02, 3.18803101e-04],\n",
       "       [9.90697038e-01, 8.97581179e-03, 3.27149743e-04],\n",
       "       [9.92969963e-01, 6.86211169e-03, 1.67924931e-04],\n",
       "       [9.90562935e-01, 8.94189010e-03, 4.95174531e-04],\n",
       "       [9.69326825e-01, 2.78717361e-02, 2.80143901e-03],\n",
       "       [5.40782004e-01, 3.03713288e-01, 1.55504709e-01],\n",
       "       [4.06776321e-01, 3.59112941e-01, 2.34110739e-01],\n",
       "       [2.98725427e-01, 3.65827907e-01, 3.35446666e-01],\n",
       "       [9.10223940e-01, 8.20773581e-02, 7.69870140e-03],\n",
       "       [7.19483566e-01, 2.12015371e-01, 6.85010632e-02],\n",
       "       [9.92969963e-01, 6.86211169e-03, 1.67924931e-04],\n",
       "       [9.92969963e-01, 6.86211169e-03, 1.67924931e-04],\n",
       "       [9.44604216e-01, 4.91105870e-02, 6.28519719e-03],\n",
       "       [9.81515044e-01, 1.75098571e-02, 9.75099306e-04],\n",
       "       [9.92969963e-01, 6.86211169e-03, 1.67924931e-04],\n",
       "       [2.61923487e-01, 4.38001869e-01, 3.00074644e-01]])"
      ]
     },
     "execution_count": 158,
     "metadata": {},
     "output_type": "execute_result"
    }
   ],
   "source": [
    "y_score = grid_search.predict_proba(X_test)\n",
    "# y_score = [y_score[i][:,[1]] for i in range(len(y_score))]\n",
    "# y_score = np.concatenate(y_score, axis=1)\n",
    "y_score"
   ]
  },
  {
   "cell_type": "code",
   "execution_count": 159,
   "id": "fa8bade3",
   "metadata": {},
   "outputs": [
    {
     "data": {
      "text/html": [
       "<style>#sk-container-id-11 {color: black;background-color: white;}#sk-container-id-11 pre{padding: 0;}#sk-container-id-11 div.sk-toggleable {background-color: white;}#sk-container-id-11 label.sk-toggleable__label {cursor: pointer;display: block;width: 100%;margin-bottom: 0;padding: 0.3em;box-sizing: border-box;text-align: center;}#sk-container-id-11 label.sk-toggleable__label-arrow:before {content: \"▸\";float: left;margin-right: 0.25em;color: #696969;}#sk-container-id-11 label.sk-toggleable__label-arrow:hover:before {color: black;}#sk-container-id-11 div.sk-estimator:hover label.sk-toggleable__label-arrow:before {color: black;}#sk-container-id-11 div.sk-toggleable__content {max-height: 0;max-width: 0;overflow: hidden;text-align: left;background-color: #f0f8ff;}#sk-container-id-11 div.sk-toggleable__content pre {margin: 0.2em;color: black;border-radius: 0.25em;background-color: #f0f8ff;}#sk-container-id-11 input.sk-toggleable__control:checked~div.sk-toggleable__content {max-height: 200px;max-width: 100%;overflow: auto;}#sk-container-id-11 input.sk-toggleable__control:checked~label.sk-toggleable__label-arrow:before {content: \"▾\";}#sk-container-id-11 div.sk-estimator input.sk-toggleable__control:checked~label.sk-toggleable__label {background-color: #d4ebff;}#sk-container-id-11 div.sk-label input.sk-toggleable__control:checked~label.sk-toggleable__label {background-color: #d4ebff;}#sk-container-id-11 input.sk-hidden--visually {border: 0;clip: rect(1px 1px 1px 1px);clip: rect(1px, 1px, 1px, 1px);height: 1px;margin: -1px;overflow: hidden;padding: 0;position: absolute;width: 1px;}#sk-container-id-11 div.sk-estimator {font-family: monospace;background-color: #f0f8ff;border: 1px dotted black;border-radius: 0.25em;box-sizing: border-box;margin-bottom: 0.5em;}#sk-container-id-11 div.sk-estimator:hover {background-color: #d4ebff;}#sk-container-id-11 div.sk-parallel-item::after {content: \"\";width: 100%;border-bottom: 1px solid gray;flex-grow: 1;}#sk-container-id-11 div.sk-label:hover label.sk-toggleable__label {background-color: #d4ebff;}#sk-container-id-11 div.sk-serial::before {content: \"\";position: absolute;border-left: 1px solid gray;box-sizing: border-box;top: 0;bottom: 0;left: 50%;z-index: 0;}#sk-container-id-11 div.sk-serial {display: flex;flex-direction: column;align-items: center;background-color: white;padding-right: 0.2em;padding-left: 0.2em;position: relative;}#sk-container-id-11 div.sk-item {position: relative;z-index: 1;}#sk-container-id-11 div.sk-parallel {display: flex;align-items: stretch;justify-content: center;background-color: white;position: relative;}#sk-container-id-11 div.sk-item::before, #sk-container-id-11 div.sk-parallel-item::before {content: \"\";position: absolute;border-left: 1px solid gray;box-sizing: border-box;top: 0;bottom: 0;left: 50%;z-index: -1;}#sk-container-id-11 div.sk-parallel-item {display: flex;flex-direction: column;z-index: 1;position: relative;background-color: white;}#sk-container-id-11 div.sk-parallel-item:first-child::after {align-self: flex-end;width: 50%;}#sk-container-id-11 div.sk-parallel-item:last-child::after {align-self: flex-start;width: 50%;}#sk-container-id-11 div.sk-parallel-item:only-child::after {width: 0;}#sk-container-id-11 div.sk-dashed-wrapped {border: 1px dashed gray;margin: 0 0.4em 0.5em 0.4em;box-sizing: border-box;padding-bottom: 0.4em;background-color: white;}#sk-container-id-11 div.sk-label label {font-family: monospace;font-weight: bold;display: inline-block;line-height: 1.2em;}#sk-container-id-11 div.sk-label-container {text-align: center;}#sk-container-id-11 div.sk-container {/* jupyter's `normalize.less` sets `[hidden] { display: none; }` but bootstrap.min.css set `[hidden] { display: none !important; }` so we also need the `!important` here to be able to override the default hidden behavior on the sphinx rendered scikit-learn.org. See: https://github.com/scikit-learn/scikit-learn/issues/21755 */display: inline-block !important;position: relative;}#sk-container-id-11 div.sk-text-repr-fallback {display: none;}</style><div id=\"sk-container-id-11\" class=\"sk-top-container\"><div class=\"sk-text-repr-fallback\"><pre>RandomForestClassifier(max_depth=4, n_estimators=50, random_state=123)</pre><b>In a Jupyter environment, please rerun this cell to show the HTML representation or trust the notebook. <br />On GitHub, the HTML representation is unable to render, please try loading this page with nbviewer.org.</b></div><div class=\"sk-container\" hidden><div class=\"sk-item\"><div class=\"sk-estimator sk-toggleable\"><input class=\"sk-toggleable__control sk-hidden--visually\" id=\"sk-estimator-id-21\" type=\"checkbox\" checked><label for=\"sk-estimator-id-21\" class=\"sk-toggleable__label sk-toggleable__label-arrow\">RandomForestClassifier</label><div class=\"sk-toggleable__content\"><pre>RandomForestClassifier(max_depth=4, n_estimators=50, random_state=123)</pre></div></div></div></div></div>"
      ],
      "text/plain": [
       "RandomForestClassifier(max_depth=4, n_estimators=50, random_state=123)"
      ]
     },
     "execution_count": 159,
     "metadata": {},
     "output_type": "execute_result"
    }
   ],
   "source": [
    "grid_search.best_estimator_"
   ]
  },
  {
   "cell_type": "code",
   "execution_count": 160,
   "id": "76a45793",
   "metadata": {},
   "outputs": [],
   "source": [
    "dict_results = {'Model_name':model_name,\n",
    "           'Accuracy' : metrics.accuracy_score(y_test, y_pred),\n",
    "           'macro F1' : metrics.f1_score(y_test, y_pred, average='macro'),\n",
    "           'micro F1' : metrics.f1_score(y_test, y_pred, average='micro'),\n",
    "           'macro Precision' : metrics.precision_score(y_test, y_pred,  average='macro'),\n",
    "           'micro Precision' : metrics.precision_score(y_test, y_pred,  average='micro'),\n",
    "           'macro Recall' : metrics.recall_score(y_test, y_pred,  average='macro'),\n",
    "           'micro Recall' : metrics.recall_score(y_test, y_pred,  average='micro'),\n",
    "           'macro ROC AUC' : metrics.roc_auc_score(y_test, y_score, average='macro', multi_class='ovr'), # , multi_class='ovr'\n",
    "           'micro ROC AUC' : metrics.roc_auc_score(y_test, y_score, average='micro', multi_class='ovr')}"
   ]
  },
  {
   "cell_type": "code",
   "execution_count": 161,
   "id": "43bdbdfd",
   "metadata": {},
   "outputs": [
    {
     "data": {
      "text/html": [
       "<div>\n",
       "<style scoped>\n",
       "    .dataframe tbody tr th:only-of-type {\n",
       "        vertical-align: middle;\n",
       "    }\n",
       "\n",
       "    .dataframe tbody tr th {\n",
       "        vertical-align: top;\n",
       "    }\n",
       "\n",
       "    .dataframe thead th {\n",
       "        text-align: right;\n",
       "    }\n",
       "</style>\n",
       "<table border=\"1\" class=\"dataframe\">\n",
       "  <thead>\n",
       "    <tr style=\"text-align: right;\">\n",
       "      <th></th>\n",
       "      <th>Model_name</th>\n",
       "      <th>Accuracy</th>\n",
       "      <th>macro F1</th>\n",
       "      <th>micro F1</th>\n",
       "      <th>macro Precision</th>\n",
       "      <th>micro Precision</th>\n",
       "      <th>macro Recall</th>\n",
       "      <th>micro Recall</th>\n",
       "      <th>macro ROC AUC</th>\n",
       "      <th>micro ROC AUC</th>\n",
       "    </tr>\n",
       "  </thead>\n",
       "  <tbody>\n",
       "    <tr>\n",
       "      <th>0</th>\n",
       "      <td>Random Forest</td>\n",
       "      <td>0.88</td>\n",
       "      <td>0.73913</td>\n",
       "      <td>0.88</td>\n",
       "      <td>0.927061</td>\n",
       "      <td>0.88</td>\n",
       "      <td>0.733333</td>\n",
       "      <td>0.88</td>\n",
       "      <td>0.958332</td>\n",
       "      <td>0.97405</td>\n",
       "    </tr>\n",
       "  </tbody>\n",
       "</table>\n",
       "</div>"
      ],
      "text/plain": [
       "      Model_name  Accuracy  macro F1  micro F1  macro Precision  micro Precision  macro Recall  micro Recall  macro ROC AUC  micro ROC AUC\n",
       "0  Random Forest      0.88   0.73913      0.88         0.927061             0.88      0.733333          0.88       0.958332        0.97405"
      ]
     },
     "execution_count": 161,
     "metadata": {},
     "output_type": "execute_result"
    }
   ],
   "source": [
    "df_resultats = pd.DataFrame(dict_results, index=[0])\n",
    "df_resultats"
   ]
  },
  {
   "cell_type": "code",
   "execution_count": 162,
   "id": "4adfb3af",
   "metadata": {},
   "outputs": [],
   "source": [
    "def roc_auc_curve(y_test, y_score, model):\n",
    "    \n",
    "    n_classes = y_train.shape[1]\n",
    "    fpr = dict()\n",
    "    tpr = dict()\n",
    "    thresh_roc = dict()\n",
    "    roc_auc = dict()\n",
    "    \n",
    "    for i in range(n_classes):\n",
    "        fpr[i], tpr[i], thresh_roc[i] = metrics.roc_curve(y_test[:, i], y_score[:, i])\n",
    "        roc_auc[i] = metrics.auc(fpr[i], tpr[i])\n",
    "    \n",
    "    fpr[\"micro\"], tpr[\"micro\"], thresh_roc[\"micro\"] = metrics.roc_curve(y_test.ravel(), y_score.ravel())\n",
    "    roc_auc[\"micro\"] = metrics.auc(fpr[\"micro\"], tpr[\"micro\"])\n",
    "    \n",
    "\n",
    "    roc_thresh = {\n",
    "                    'Threshold' : thresh_roc,\n",
    "                    'TPR' : tpr,\n",
    "                    'FPR' : fpr,\n",
    "                    'AUC' : roc_auc\n",
    "                 }\n",
    "    \n",
    "    df_roc_thresh = pd.DataFrame.from_dict(roc_thresh)\n",
    "    df_roc_thresh['Model'] = model\n",
    "    df_roc_thresh['Class'] = df_roc_thresh.index\n",
    "    \n",
